9789624480283
9787802464971
9787563012381
9787807156062
9789867678270
9787534139727
9787541541520
9787106037123
9787544723367
9789577203090
9787535898814
9787308114394
9787531052357
9787538307047
9787544350914
9789620740589
9787806107300
9787228149827
9787530407158
9787306044808
9787109101753
9787507340440
9787536743984
9787535872906
9787807359937
9789865890797
9787534014963
9789862212868
9787806065068
9789579771320
9787532400973
9789866952067
9787535551856
9787563303182
9787540930974
9787507848632
9789866653346
9787544721998
9787300006154
9787540808297
9787228098378
9787218001524
9789863040149
9787543880955
9789622520134
9787535872883
9787536742710
9789867678270
9789576395567
9789577203106
9787541210341
9787802389380
9787541541520
9789574158508
9787805651248
9787505940772
9787806065068
9787510083099
9787512011762
9787503412325
9789882039681
9787308118323
9789867678270
9787541541520
9787510624292
9787807446491
9787502387624
9787536238787
9789575465018
9787810142069
9787802466388
9787530536438
9787540606275
9787228150779
9787530969304
9787541541520
9787801409416
9787514400311
9787510806117
9787806756225
9787534139888
9787563015498
9789867678270
9789862704776
9787530407196
9787534971068
9787534040016
9787546600420
9789866976223
9789862262405
9787300045450
9787543880979
9787502311117
9787120003524
9787216042581
9787801924353
9787532402861
9789571339504
9787209083867
9789574441969
9787807631606
9787546904337
9787120005405
9787203015505
9787219008287
9787514400724
9787564048747
9787532274567
9787536743526
9789577569608
9780914929888
9787562601807
9789574450480
9787536238787
9787219007952
9787040011852
9787534390708
9787541105029
9787560264301
9787514405668
9787544718967
9787802466319
9787507340365
9789867678270
9789862704783
9787514400458
9787806065068
9787530878743
9787805103686
9787802464971
