9787543693142
9787111190301
9787200009255
9787546917894
9787509607602
9787561221884
9787543627642
9787560986401
9787300049373
9787531831044
9787030285058
9789888206261
9787505886452
9787308126113
9787541432798
9787507535747
9787300079608
9787801608444
9787309068832
9787513018470
9787536952379
9787532494095
9787811243291
9787807431053
9787560984766
9787531831211
9789860251982
9787534463990
9787536813465
9787540852856
9787307106123
9787540544447
9787117067454
9787538434224
9787229045883
9787802533462
9787802335820
9787531500070
9787561826645
9787307040441
9787503939488
9787532731718
9787301021330
9787121040276
9787547506783
9787540864835
9787548407287
9787310017607
9787807374695
9787510819506
9787040005509
9787538432725
9787535233882
9787308113755
9787103003749
9787514000566
9787802495821
9787117131605
9787807091530
9787508831183
9787540763466
9787538837391
9787115216717
9787111378808
9787531831051
9787505419865
9787565504167
9787544715553
9787530516379
9787118001525
9787504154439
9787301048337
9787807615392
9787801832214
9787538836721
9787531830160
9787100098021
9787200056334
9787500929475
9787560138732
9787305113550
9787562331148
9787537656467
9787122057143
9787534662911
9787562439899
9787111014324
9787503531200
9787801918420
9787308120005
9787305121173
9787560975450
9787030381804
9787562154242
9787516141656
9787811185119
9787113086923
9787224098938
9787802497313
9787508283586
9787802210172
9787307072619
9787301214763
9787801946713
9787562440628
9787308083553
9787536813236
9787534400285
9787801410085
9787531452386
9787219076101
9787030298249
9787531829607
9787511217189
9787535958136
9787811276749
9787507312164
9787303161171
9787810823760
9787111140610
9787551402637
9787563015481
9787204093298
9787209084055
9787503155215
9787502571528
9787562248897
9789570522822
9787511862020
9787510814129
9787506257299
9787030350855
9787801918482
9787308114592
9789571357553
9787542926173
9787551104500
9787227029311
9787531500124
9787805956428
9787207073396
9787502196165
9787532494064
9787301028919
9787509608234
9787536813380
9787548407287
9787807431046
9787112143924
9787100092944
9787800994968
9787562452775
9787218069678
9787213027871
9787541432828
9787546379692
9787810727396
9787500557579
9787547800331
9787549204700
9787544234078
9787547816271
9787308069724
9787537801751
9787308130226
9787040007626
9787807520993
9787551104395
9787308114608
9787107277887
9787538432350
9787538837445
9787802217034
9787806237540
9787500561507
9787040007664
9787544708227
9787030282224
9787534035395
9787122216045
9787503656002
9787565401787
9787531213277
9787531500230
9787308071116
9787805269566
9787801806451
9787563636327
9787508830896
9787534847660
9787536742574
9787227029304
9787564141257
9787565501869
9787533033675
9787807416623
9787204093298
9787509345696
9787811271980
9787500107903
9787564141226
9787806999158
9787113049447
9787309069099
9787540544355
9787310008803
9787122115416
9787309102666
9787542908094
9787566804303
9787219058268
9787534662867
9787505949737
9787531832126
9787802201491
9787540763107
9789571357553
9787300047157
9787112142538
9787538433647
9787502196530
9787308064828
9787538836851
9787506424912
9787505420151
9787204093502
9787564127428
9787807615460
9787805266794
9787546917900
9787508054193
9787308081900
9787502571740
9787040383966
9787542908247
9787811304466
9787030114822
9787551104562
9787204087303
9787307039605
9787531500131
9787117067461
9787111358640
9787514003871
9787534035388
9787040021424
9787801702029
9787811352795
9787532494033
9787111378570
9787302227243
9787546366913
9787204093298
9787213027871
9787565402180
9787534139239
9787531830368
9787551001441
9787535735126
9787564217532
9787505886438
9787511863126
9787811407051
9787301146002
9787802535121
9787513802024
9787805956428
9787544335317
9787810823784
9787510082146
9787030343703
9787807288206
9787531500223
9787218063355
9787505433595
9787543693142
9787560986401
9787546917894
