CSV 2 Matrix: ok

按照学历进行统计:
大学 2181292 2245097 629990 718371
初中及以下 90152 94159 40060 43679
研究生及以上 525851 550343 159613 192893
 19890 20711 5893 6656
高中 388084 403162 129494 146110

按照性别统计:
 113 92 73 72
NULL 3074 3143 1024 1159
M 1993835 2031270 702751 777644
F 1208247 1278967 261202 328834

按照年份统计:
 8978 9297 2776 3199
1974 13465 14411 4401 4823
1935 94 100 29 27
1946 399 364 152 135
1934 51 44 1 4
1965 6287 6244 1957 1912
1961 2156 2205 688 601
1941 208 199 51 42
1928 35 26 8 31
1962 4682 4933 1444 1541
1927 8 5 16 21
1931 2 6 22 20
1929 12 19 9 10
1904 41 51 39 69
1963 7603 7770 1947 1980
1902 0 0 122 78
1943 118 112 39 31
1901 954 1084 953 1109
1986 85871 88869 28654 32356
1987 107617 111282 34729 39022
1984 58639 61115 20416 22930
1985 66646 69581 23328 25945
1982 51827 54749 18978 20696
1983 52798 55370 18588 21194
1980 31799 33319 11658 12924
1981 35419 37168 12435 13978
1964 6727 6699 1859 1915
1979 23050 24475 7956 8819
1966 6571 6735 1913 1931
1967 7857 8217 2689 2787
1960 2353 2528 789 830
1947 327 346 88 89
1988 138331 143646 43739 48834
1989 175060 181155 54367 61918
1930 40 36 12 12
1933 169 209 7 15
1938 223 228 40 59
1916 14 14 9 13
1907 0 0 18 32
1945 277 192 126 105
1920 21 14 7 8
1948 380 371 81 68
1942 185 188 73 54
1955 1502 1467 304 327
1954 1406 1431 321 292
1957 1599 1607 522 522
1949 456 457 287 300
1937 203 182 9 6
1950 857 831 298 264
1953 1121 1083 381 315
1952 1092 1037 236 185
1911 1 1 31 17
1968 10327 10599 3017 3207
1939 234 232 71 63
1912 126 152 40 32
1959 1749 1720 512 519
1958 1842 1801 538 469
1906 18 22 6 4
1969 11281 11882 3235 3352
1991 227565 235326 64371 74588
1990 225286 232823 66941 76250
1993 346348 355953 91677 106522
1992 301277 309153 82875 96945
1995 261939 268352 70960 85349
1994 350354 359308 90141 106297
1997 111673 115902 35421 41704
1978 20411 21024 7286 8079
1999 46024 48881 18332 20513
1998 76569 79603 27337 31441
1975 15338 16293 5412 5857
1996 165860 171245 49182 58763
1973 12384 13052 4176 4588
1972 12728 13205 4606 5011
1971 13488 14306 4027 4479
1970 14592 15188 4584 4886
1977 17089 17964 5948 6499
2000 37726 39657 18928 21339
1956 1530 1588 478 454
1903 14 27 2 7
1976 14766 15545 4991 5748
1951 703 721 253 223
1944 235 235 80 100
1940 98 117 15 20
1936 164 124 6 6

按照工资统计:
0-25k 1506164 1559010 417678 486798
 15480 16070 4457 5093
75k-100k 277753 286521 85674 97502
25k-50k 503376 513796 156207 167021
50k-75k 349119 358806 107898 119677
100k-150k 266183 275807 84732 99678
300k+ 119145 125974 51053 61928
150k-300k 168049 177488 57351 70012
